2 0.440625 0.4510837727006444 0.40078125 0.10076157000585823
2 0.6703125 0.7065026362038664 0.1625 0.252489748096075
2 0.831640625 0.6731107205623902 0.33671875 0.29173989455184535
2 0.21484375 0.7176332747510252 0.24609375 0.13181019332161686
2 0.56171875 0.9050966608084359 0.25625 0.18453427065026362
2 0.3734375 0.8878148799062683 0.12578125 0.169302870533099
2 0.48515625 0.6997656707674282 0.09921875 0.12067955477445812
2 0.53515625 0.6107205623901582 0.16796875 0.05272407732864675
2 0.8828125 0.5330990041007616 0.2265625 0.12302284710017575
2 0.335546875 0.4124194493263035 0.190625 0.26537785588752194
2 0.21875 0.5536028119507909 0.27734375 0.06736965436438196
2 0.344140625 0.9420035149384886 0.121875 0.11072056239015818
2 0.301953125 0.4926772114821324 0.209375 0.19449326303456357
2 0.334765625 0.6687170474516696 0.134375 0.2038664323374341