1 0.0453125 0.4515625 0.05625 0.1265625
1 0.13359375 0.37734375 0.05625 0.1203125
1 0.2109375 0.36875 0.0484375 0.1015625
1 0.21171875 0.58046875 0.2 0.240625
1 0.02109375 0.6 0.0421875 0.0703125
1 0.3625 0.528125 0.0484375 0.0640625
1 0.5125 0.48671875 0.2640625 0.196875
1 0.4234375 0.54296875 0.05 0.065625
1 0.44609375 0.65859375 0.203125 0.184375
1 0.6546875 0.459375 0.0515625 0.0703125
1 0.653125 0.62890625 0.125 0.15625
1 0.74453125 0.4953125 0.0765625 0.115625
1 0.86171875 0.39765625 0.1421875 0.20625
1 0.96953125 0.38203125 0.053125 0.065625
1 0.978125 0.5171875 0.040625 0.059375
1 0.959375 0.63515625 0.0765625 0.1171875
1 0.82109375 0.62578125 0.2078125 0.25
1 0.37109375 0.2984375 0.0421875 0.04375
1 0.26953125 0.809375 0.065625 0.0640625
1 0.0421875 0.78359375 0.0578125 0.0703125
1 0.7 0.8140625 0.084375 0.0765625
1 0.5671875 0.8765625 0.0421875 0.046875
1 0.803125 0.89921875 0.0484375 0.046875