4 0.0640625 0.24375 0.040625 0.07083333333333333
4 0.09739583333333333 0.34791666666666665 0.030208333333333334 0.04027777777777778
4 0.42135416666666664 0.4847222222222222 0.05520833333333333 0.06388888888888888
4 0.15572916666666667 0.5236111111111111 0.06145833333333333 0.07222222222222222
4 0.5984375 0.5625 0.06979166666666667 0.07222222222222222
4 0.7010416666666667 0.5972222222222222 0.13125 0.14166666666666666
4 0.79375 0.6166666666666667 0.07916666666666666 0.09305555555555556
4 0.15885416666666666 0.6611111111111111 0.04479166666666667 0.06388888888888888
4 0.9765625 0.7138888888888889 0.046875 0.09166666666666666
4 0.33645833333333336 0.8798611111111111 0.034375 0.05277777777777778
4 0.36041666666666666 0.9215277777777777 0.03854166666666667 0.05416666666666667
4 0.3375 0.9590277777777778 0.026041666666666668 0.043055555555555555
4 0.34479166666666666 0.9854166666666667 0.028125 0.029166666666666667