4 0.63203125 0.528125 0.1125 0.096875
4 0.753125 0.35625 0.1140625 0.071875
4 0.79296875 0.2546875 0.0640625 0.06875
4 0.94140625 0.48359375 0.0671875 0.0484375
4 0.521875 0.64765625 0.0875 0.0859375
4 0.56953125 0.35703125 0.0765625 0.0890625
4 0.84453125 0.09453125 0.0390625 0.05625
4 0.89921875 0.10625 0.0265625 0.046875
4 0.70546875 0.06640625 0.04375 0.05625
4 0.509375 0.16484375 0.065625 0.0453125
4 0.540625 0.1359375 0.08125 0.0375
4 0.49296875 0.225 0.0515625 0.0421875
4 0.25859375 0.328125 0.0625 0.0359375
4 0.29296875 0.046875 0.09375 0.09375
4 0.63671875 0.69375 0.0390625 0.0546875
4 0.80078125 0.628125 0.0734375 0.0671875
4 0.7109375 0.57578125 0.0609375 0.046875