4 0.825 0.5515625 0.040625 0.0296875
4 0.9296875 0.50703125 0.0546875 0.0328125
4 0.72890625 0.56484375 0.078125 0.046875
4 0.64921875 0.575 0.0484375 0.0484375
4 0.7703125 0.51015625 0.1421875 0.06875
4 0.60078125 0.59296875 0.04375 0.03125
4 0.51796875 0.63984375 0.109375 0.075
4 0.75625 0.64765625 0.134375 0.059375
4 0.921875 0.6234375 0.153125 0.0421875
4 0.94375 0.38125 0.04375 0.0296875
4 0.7046875 0.29921875 0.0734375 0.1203125
4 0.64921875 0.45 0.071875 0.071875
4 0.6953125 0.178125 0.03125 0.0359375
4 0.8609375 0.08671875 0.034375 0.0125
4 0.565625 0.265625 0.059375 0.028125
4 0.38828125 0.33046875 0.03125 0.021875
4 0.2078125 0.3921875 0.0328125 0.028125
4 0.29453125 0.5828125 0.0359375 0.0375