4 0.61796875 0.0484375 0.0453125 0.0703125
4 0.44296875 0.13359375 0.046875 0.0765625
4 0.53125 0.040625 0.0890625 0.08125
4 0.66015625 0.22265625 0.0296875 0.0609375
4 0.83828125 0.2875 0.0484375 0.0546875
4 0.7203125 0.33203125 0.08125 0.1046875
4 0.5359375 0.253125 0.084375 0.178125
4 0.54453125 0.46015625 0.0859375 0.2703125
4 0.55859375 0.69609375 0.0828125 0.2046875
4 0.646875 0.62109375 0.03125 0.046875
4 0.62890625 0.6875 0.0453125 0.0953125
4 0.45 0.6171875 0.05625 0.0640625
4 0.40390625 0.603125 0.0375 0.0546875
4 0.32890625 0.5640625 0.034375 0.05
4 0.3515625 0.6203125 0.06875 0.0609375
4 0.40078125 0.6796875 0.0203125 0.0265625
4 0.4125 0.74453125 0.0328125 0.0453125
4 0.57109375 0.88828125 0.11875 0.221875
4 0.678125 0.80546875 0.0609375 0.084375
4 0.75703125 0.68515625 0.0515625 0.05625
4 0.71640625 0.75078125 0.0296875 0.034375
4 0.96328125 0.36015625 0.03125 0.0421875
4 0.91015625 0.3953125 0.0453125 0.04375
4 0.76328125 0.49609375 0.0875 0.053125
4 0.9578125 0.55234375 0.0375 0.0703125
4 0.40703125 0.79921875 0.0359375 0.0421875
4 0.3625 0.80703125 0.034375 0.028125
4 0.30546875 0.8234375 0.0359375 0.0375
4 0.18203125 0.9578125 0.065625 0.078125
4 0.1109375 0.67734375 0.15625 0.0625
4 0.4203125 0.83984375 0.0390625 0.04375
4 0.06171875 0.16875 0.1234375 0.3375
4 0.33203125 0.1203125 0.021875 0.0609375
4 0.33359375 0.20859375 0.0234375 0.05625
4 0.49140625 0.80546875 0.0234375 0.028125