4 0.4703125 0.05546875 0.2203125 0.1109375
4 0.49921875 0.140625 0.090625 0.0546875
4 0.56484375 0.15859375 0.0296875 0.040625
4 0.51875 0.209375 0.0359375 0.0296875
4 0.396875 0.08515625 0.0671875 0.05625
4 0.4625 0.31953125 0.15 0.19375
4 0.50234375 0.24609375 0.0765625 0.0625
4 0.55546875 0.2578125 0.040625 0.0640625
4 0.54140625 0.36796875 0.075 0.0859375
4 0.5 0.459375 0.096875 0.0609375
4 0.446875 0.64375 0.175 0.3890625
4 0.58203125 0.49765625 0.0359375 0.05
4 0.49765625 0.8109375 0.0265625 0.0296875
4 0.50625 0.775 0.028125 0.025
4 0.5171875 0.7421875 0.028125 0.0203125
4 0.6109375 0.153125 0.0421875 0.0421875
4 0.6 0.19453125 0.05 0.0390625
4 0.58828125 0.24296875 0.0421875 0.05
4 0.67265625 0.23828125 0.028125 0.028125
4 0.60390625 0.3421875 0.0265625 0.0359375