4 0.08125 0.4390625 0.0453125 0.0421875
4 0.25078125 0.50625 0.0703125 0.053125
4 0.2625 0.67734375 0.0734375 0.1375
4 0.325 0.84609375 0.0296875 0.0265625
4 0.3078125 0.25546875 0.0234375 0.025
4 0.253125 0.27578125 0.0390625 0.0578125
4 0.2921875 0.278125 0.0234375 0.0296875
4 0.2546875 0.19609375 0.0578125 0.028125
4 0.34765625 0.51328125 0.0375 0.0296875
4 0.38515625 0.62109375 0.021875 0.0203125
4 0.43203125 0.67890625 0.0234375 0.0234375
4 0.446875 0.546875 0.0296875 0.0484375
4 0.390625 0.478125 0.025 0.0265625
4 0.46328125 0.29375 0.0328125 0.0328125
4 0.43671875 0.41953125 0.0421875 0.0375
4 0.39921875 0.37734375 0.0125 0.0203125
4 0.44140625 0.4984375 0.0234375 0.021875
4 0.525 0.5546875 0.059375 0.065625
4 0.4734375 0.69609375 0.0359375 0.0359375
4 0.64765625 0.63203125 0.1078125 0.1390625
4 0.58125 0.83984375 0.053125 0.06875
4 0.6796875 0.10546875 0.1515625 0.2109375