4 0.51015625 0.6328125 0.115625 0.0734375
4 0.1 0.671875 0.05625 0.028125
4 0.5421875 0.5609375 0.0796875 0.0375
4 0.04609375 0.45390625 0.0703125 0.0421875
4 0.1140625 0.42890625 0.04375 0.0171875
4 0.56484375 0.43203125 0.0921875 0.0484375
4 0.59765625 0.37109375 0.05625 0.0328125
4 0.94609375 0.34921875 0.0484375 0.0140625
4 0.9828125 0.35625 0.0328125 0.0140625
4 0.77421875 0.30234375 0.04375 0.0296875
4 0.746875 0.3484375 0.046875 0.028125
4 0.1234375 0.86640625 0.0625 0.0375
4 0.046875 0.871875 0.0546875 0.0328125
4 0.72265625 0.3109375 0.0390625 0.01875
4 0.084375 0.6140625 0.05 0.028125