4 0.8984375 0.18046875 0.1375 0.10625
4 0.88125 0.34453125 0.140625 0.0984375
4 0.71015625 0.4609375 0.1578125 0.1328125
4 0.49140625 0.4640625 0.0921875 0.0828125
4 0.40078125 0.51796875 0.0890625 0.071875
4 0.63125 0.58125 0.134375 0.0984375
4 0.50625 0.6078125 0.1140625 0.0578125
4 0.3640625 0.62421875 0.1578125 0.06875
4 0.26875 0.4421875 0.053125 0.0453125
4 0.45 0.37734375 0.0765625 0.05625
4 0.7890625 0.21953125 0.034375 0.021875
4 0.76015625 0.27421875 0.028125 0.01875
4 0.1546875 0.53359375 0.053125 0.05
4 0.1328125 0.6828125 0.109375 0.0859375