4 0.8546875 0.209375 0.09375 0.0609375
4 0.8765625 0.33125 0.13125 0.08125
4 0.91484375 0.56640625 0.1421875 0.196875
4 0.865625 0.77578125 0.196875 0.221875
4 0.64921875 0.92734375 0.2984375 0.071875
4 0.675 0.06796875 0.128125 0.1359375
4 0.6375 0.18984375 0.096875 0.0609375
4 0.63828125 0.27109375 0.1203125 0.075
4 0.653125 0.3453125 0.140625 0.0765625
4 0.49296875 0.6640625 0.2734375 0.54375
4 0.1015625 0.765625 0.203125 0.1875
4 0.24296875 0.50390625 0.2171875 0.171875
4 0.30625 0.340625 0.165625 0.159375
4 0.36015625 0.08046875 0.1578125 0.1609375
4 0.13515625 0.5078125 0.1703125 0.290625