2 0.1284562211981567 0.7082474226804124 0.09101382488479262 0.15051546391752577
2 0.33064516129032256 0.5350515463917526 0.04838709677419355 0.21237113402061855
2 0.5426267281105991 0.40309278350515465 0.03917050691244239 0.2597938144329897
2 0.6152073732718893 0.3319587628865979 0.1728110599078341 0.2020618556701031
2 0.6111751152073732 0.17422680412371133 0.17626728110599077 0.08453608247422681
2 0.3565668202764977 0.27835051546391754 0.15092165898617513 0.12783505154639174
2 0.11635944700460829 0.12061855670103093 0.16820276497695852 0.10927835051546392
2 0.7960829493087558 0.12989690721649486 0.09101382488479262 0.18556701030927836
2 0.18548387096774194 0.1422680412371134 0.05069124423963134 0.030927835051546393
2 0.44527649769585254 0.3216494845360825 0.06912442396313365 0.14845360824742268
2 0.3680875576036866 0.3938144329896907 0.10023041474654378 0.05360824742268041