2 0.5783410138248848 0.6556701030927835 0.05069124423963134 0.27010309278350514
2 0.3271889400921659 0.522680412371134 0.19930875576036866 0.2020618556701031
2 0.6774193548387096 0.37938144329896906 0.22004608294930875 0.13195876288659794
2 0.6728110599078341 0.5649484536082474 0.22465437788018433 0.3030927835051546
2 0.32373271889400923 0.7 0.0576036866359447 0.20618556701030927
2 0.07546082949308756 0.9123711340206185 0.0944700460829493 0.17525773195876287
2 0.8980414746543779 0.2443298969072165 0.1152073732718894 0.23917525773195877
2 0.3784562211981567 0.5711340206185567 0.08294930875576037 0.049484536082474224
2 0.41993087557603687 0.37731958762886597 0.1359447004608295 0.12577319587628866
2 0.2586405529953917 0.18969072164948453 0.10944700460829493 0.06597938144329897
2 0.04262672811059908 0.04845360824742268 0.05184331797235023 0.06804123711340206
2 0.8790322580645161 0.6443298969072165 0.10368663594470046 0.24536082474226803