4 0.3024193548387097 0.8 0.4147465437788018 0.3752577319587629
4 0.6146313364055299 0.7051546391752578 0.2523041474654378 0.4927835051546392
4 0.738479262672811 0.977319587628866 0.001152073732718894 0.024742268041237112
4 0.8029953917050692 0.6463917525773196 0.0967741935483871 0.422680412371134
4 0.5904377880184332 0.14845360824742268 0.13018433179723501 0.1360824742268041
4 0.5109447004608295 0.33505154639175255 0.08410138248847926 0.20824742268041238
4 0.39631336405529954 0.5319587628865979 0.13709677419354838 0.1711340206185567
4 0.32661290322580644 0.2 0.14516129032258066 0.19175257731958764
4 0.2033410138248848 0.2721649484536082 0.09331797235023041 0.1463917525773196
4 0.1434331797235023 0.5752577319587628 0.11635944700460829 0.18144329896907216
4 0.7672811059907834 0.16907216494845362 0.22004608294930875 0.33814432989690724