0 0.28269617706237427 0.18159203980099503 0.21327967806841047 0.36318407960199006
0 0.30482897384305835 0.6977611940298507 0.17303822937625754 0.24875621890547264
0 0.8672032193158954 0.8034825870646766 0.24346076458752516 0.30597014925373134
0 0.7293762575452716 0.4639303482587065 0.1790744466800805 0.27611940298507465
0 0.6046277665995976 0.19776119402985073 0.15090543259557343 0.2537313432835821
0 0.8420523138832998 0.11069651741293532 0.2052313883299799 0.22139303482587064
0 0.9275653923541247 0.5845771144278606 0.1448692152917505 0.39552238805970147
0 0.5110663983903421 0.5559701492537313 0.19919517102615694 0.373134328358209
0 0.11871227364185111 0.7898009950248757 0.22535211267605634 0.39303482587064675
0 0.9225352112676056 0.2524875621890547 0.15492957746478872 0.2860696517412935
0 0.4567404426559356 0.25 0.158953722334004 0.3781094527363184
0 0.11468812877263582 0.4166666666666667 0.1790744466800805 0.3656716417910448
0 0.6710261569416499 0.8084577114427861 0.17706237424547283 0.3756218905472637