0 0.8088531187122736 0.6791044776119403 0.10865191146881288 0.19402985074626866
0 0.9074446680080482 0.6343283582089553 0.12474849094567404 0.208955223880597
0 0.7645875251509054 0.19651741293532338 0.09456740442655935 0.16417910447761194
0 0.5030181086519114 0.527363184079602 0.07847082494969819 0.12935323383084577
0 0.2665995975855131 0.13308457711442787 0.07645875251509054 0.1044776119402985
0 0.23742454728370221 0.34950248756218905 0.08853118712273642 0.12686567164179105
0 0.3963782696177062 0.5907960199004975 0.05030181086519115 0.08706467661691543
0 0.46680080482897385 0.6430348258706468 0.0744466800804829 0.10945273631840796
0 0.04124748490945674 0.277363184079602 0.052313883299798795 0.0945273631840796
0 0.7927565392354124 0.4601990049751244 0.04426559356136821 0.07960199004975124
0 0.4336016096579477 0.5087064676616916 0.04024144869215292 0.06716417910447761
0 0.864185110663984 0.7524875621890548 0.08651911468812877 0.13432835820895522