2 0.5390625 0.82578125 0.078125 0.090625
2 0.38515625 0.71875 0.0796875 0.1453125
2 0.68046875 0.67421875 0.1296875 0.0546875
2 0.5609375 0.65234375 0.1546875 0.03125
2 0.5875 0.60078125 0.1015625 0.0703125
2 0.6515625 0.615625 0.0640625 0.0546875
2 0.73359375 0.65546875 0.0671875 0.0390625
2 0.69765625 0.53125 0.04375 0.1046875
2 0.771875 0.56171875 0.1109375 0.0859375
2 0.50859375 0.33203125 0.128125 0.0515625
2 0.44453125 0.2875 0.0421875 0.0609375
2 0.29375 0.959375 0.1296875 0.0796875
2 0.33984375 0.19921875 0.0859375 0.053125