2 0.55234375 0.7515625 0.0578125 0.034375
2 0.76953125 0.93828125 0.1078125 0.0359375
2 0.66484375 0.959375 0.0671875 0.0390625
2 0.58359375 0.73828125 0.0640625 0.028125
2 0.67109375 0.6953125 0.0609375 0.0265625
2 0.83828125 0.63984375 0.0984375 0.0359375
2 0.6765625 0.66015625 0.078125 0.0265625
2 0.85390625 0.5265625 0.0578125 0.0421875
2 0.83359375 0.51484375 0.0859375 0.04375
2 0.75859375 0.4328125 0.0453125 0.06875
2 0.53203125 0.5625 0.1734375 0.0671875
2 0.39765625 0.3578125 0.028125 0.084375
2 0.49609375 0.29140625 0.0578125 0.0453125
2 0.95234375 0.11328125 0.084375 0.0359375
2 0.34453125 0.62265625 0.0546875 0.065625
2 0.715625 0.91875 0.0625 0.0296875