2 0.25390625 0.26796875 0.071875 0.190625
2 0.17734375 0.44921875 0.0734375 0.234375
2 0.32109375 0.3515625 0.0890625 0.2078125
2 0.22265625 0.55234375 0.096875 0.20625
2 0.23359375 0.76953125 0.0703125 0.296875
2 0.321875 0.58046875 0.078125 0.25625
2 0.36875 0.20234375 0.0421875 0.109375
2 0.44296875 0.20625 0.0625 0.1515625
2 0.44375 0.3640625 0.075 0.1625
2 0.43828125 0.490625 0.0578125 0.1359375
2 0.3453125 0.78046875 0.1125 0.30625
2 0.45859375 0.65546875 0.059375 0.1640625
2 0.50390625 0.82734375 0.071875 0.21875
2 0.56640625 0.3390625 0.0796875 0.2265625
2 0.6328125 0.43828125 0.0671875 0.1953125
2 0.53359375 0.165625 0.04375 0.109375
2 0.8171875 0.3546875 0.090625 0.259375
2 0.8625 0.55546875 0.0640625 0.165625
2 0.85859375 0.79609375 0.0921875 0.2796875
2 0.7421875 0.76875 0.0953125 0.228125
2 0.62734375 0.77265625 0.0828125 0.2265625
2 0.55390625 0.62421875 0.0890625 0.2265625
2 0.70546875 0.534375 0.075 0.2375
2 0.70546875 0.3015625 0.059375 0.215625
2 0.90859375 0.35703125 0.065625 0.196875
2 0.64609375 0.2171875 0.071875 0.1640625