2 0.8453125 0.5390625 0.2171875 0.109375
2 0.74140625 0.615625 0.0484375 0.171875
2 0.82265625 0.63046875 0.1171875 0.0765625
2 0.66640625 0.8671875 0.04375 0.2625
2 0.58046875 0.5015625 0.215625 0.08125
2 0.58046875 0.4359375 0.190625 0.059375
2 0.48046875 0.7671875 0.1390625 0.296875
2 0.18515625 0.90390625 0.2203125 0.1234375
2 0.39453125 0.59921875 0.140625 0.3015625
2 0.2515625 0.55703125 0.1203125 0.2390625
2 0.22734375 0.72265625 0.1859375 0.1671875
2 0.17265625 0.290625 0.1875 0.203125
2 0.59375 0.06875 0.2125 0.1375
2 0.41796875 0.30703125 0.1203125 0.2234375
2 0.21015625 0.35703125 0.2015625 0.0765625