2 0.13984375 0.6015625 0.190625 0.0640625
2 0.175 0.67265625 0.1703125 0.0234375
2 0.29609375 0.6171875 0.146875 0.071875
2 0.4453125 0.76953125 0.0546875 0.1125
2 0.3796875 0.68125 0.0546875 0.128125
2 0.59609375 0.74609375 0.046875 0.1078125
2 0.575 0.6671875 0.15 0.0796875
2 0.71484375 0.72890625 0.1546875 0.0875
2 0.4875 0.62109375 0.1296875 0.09375
2 0.72109375 0.67421875 0.1375 0.0640625
2 0.8234375 0.60234375 0.0921875 0.078125
2 0.575 0.5140625 0.084375 0.0828125
2 0.8390625 0.5015625 0.046875 0.1078125
2 0.75859375 0.53671875 0.0421875 0.0546875
2 0.75 0.4484375 0.059375 0.0921875
2 0.27890625 0.55390625 0.1328125 0.08125
2 0.3953125 0.55390625 0.0546875 0.0734375
2 0.44453125 0.43203125 0.1765625 0.03125
2 0.49375 0.46640625 0.1078125 0.04375
2 0.18515625 0.4546875 0.075 0.0375
2 0.3625 0.3765625 0.1453125 0.096875
2 0.48125 0.3609375 0.1890625 0.059375
2 0.5890625 0.38359375 0.0578125 0.0859375
2 0.72109375 0.35234375 0.2078125 0.0578125
2 0.67109375 0.39765625 0.0921875 0.0640625
2 0.68515625 0.60078125 0.1203125 0.084375
2 0.50625 0.5171875 0.0875 0.0546875
2 0.14140625 0.52890625 0.1328125 0.0359375
2 0.25 0.5328125 0.0953125 0.078125
2 0.25625 0.475 0.1375 0.075
2 0.2828125 0.71484375 0.0453125 0.1203125
2 0.17109375 0.71953125 0.103125 0.075