2 0.82578125 0.56328125 0.05625 0.15625
2 0.69921875 0.515625 0.0546875 0.134375
2 0.58515625 0.515625 0.0578125 0.08125
2 0.68984375 0.6875 0.1203125 0.040625
2 0.58671875 0.7515625 0.0453125 0.090625
2 0.89140625 0.64453125 0.0640625 0.090625
2 0.68125 0.64453125 0.03125 0.0515625
2 0.52109375 0.62578125 0.0859375 0.0734375
2 0.48984375 0.70234375 0.0890625 0.0390625
2 0.94375 0.41953125 0.0875 0.084375
2 0.67109375 0.43125 0.1203125 0.06875
2 0.55078125 0.41953125 0.06875 0.0921875
2 0.49921875 0.4984375 0.0921875 0.071875
2 0.41328125 0.49140625 0.078125 0.075
2 0.30703125 0.5171875 0.1078125 0.028125
2 0.24453125 0.47890625 0.046875 0.08125
2 0.10546875 0.54140625 0.028125 0.1125
2 0.18671875 0.615625 0.1015625 0.0453125
2 0.21328125 0.68046875 0.0640625 0.0828125
2 0.11796875 0.40390625 0.0640625 0.1046875
2 0.43046875 0.60859375 0.0703125 0.0546875
2 0.81171875 0.315625 0.1234375 0.03125
2 0.70546875 0.19609375 0.0984375 0.1046875
2 0.46640625 0.20625 0.2046875 0.1453125
2 0.39453125 0.36015625 0.04375 0.0515625
2 0.65078125 0.1015625 0.096875 0.0390625
2 0.259375 0.60625 0.0515625 0.0578125