4 0.7374810318664643 0.23708920187793428 0.03945371775417299 0.046948356807511735
4 0.34749620637329287 0.3039906103286385 0.10925644916540213 0.12441314553990611
4 0.7883156297420334 0.3204225352112676 0.0622154779969651 0.11032863849765258
4 0.1251896813353566 0.36971830985915494 0.15022761760242792 0.1572769953051643
4 0.8429438543247344 0.3955399061032864 0.0409711684370258 0.04929577464788732
4 0.9863429438543247 0.43661971830985913 0.027314112291350532 0.035211267605633804
4 0.5060698027314112 0.4612676056338028 0.05614567526555387 0.06807511737089202
4 0.8512898330804249 0.5258215962441315 0.10318664643399089 0.18309859154929578
4 0.5257966616084977 0.5539906103286385 0.07132018209408195 0.12206572769953052
4 0.5955993930197269 0.562206572769953 0.05311077389984825 0.05868544600938967
4 0.5842185128983308 0.6408450704225352 0.03945371775417299 0.051643192488262914
4 0.15022761760242792 0.6654929577464789 0.1638846737481032 0.2887323943661972
4 0.5553869499241275 0.6924882629107981 0.051593323216995446 0.07511737089201878
4 0.9241274658573596 0.7699530516431925 0.09408194233687406 0.07042253521126761
4 0.6001517450682853 0.7910798122065728 0.04552352048558422 0.056338028169014086
4 0.05538694992412747 0.8051643192488263 0.03186646433990895 0.04225352112676056
4 0.5849772382397572 0.8368544600938967 0.03945371775417299 0.04460093896713615
4 0.20485584218512898 0.8474178403755869 0.07587253414264036 0.07511737089201878
4 0.6350531107738998 0.903755868544601 0.028831562974203338 0.03990610328638498
4 0.9385432473444613 0.903755868544601 0.06828528072837632 0.18309859154929578
4 0.10318664643399089 0.9084507042253521 0.10015174506828528 0.11737089201877934
4 0.5978755690440061 0.9647887323943662 0.036418816388467376 0.07042253521126761
4 0.661608497723824 0.10328638497652583 0.04552352048558422 0.056338028169014086
4 0.7253414264036419 0.1267605633802817 0.07283763277693475 0.0892018779342723
4 0.7814871016691958 0.1784037558685446 0.054628224582701064 0.06572769953051644
4 0.7215477996965098 0.1795774647887324 0.04704097116843703 0.0539906103286385