3 0.44583333333333336 0.25677083333333334 0.2375 0.06145833333333333
3 0.9069444444444444 0.27291666666666664 0.1625 0.15208333333333332
3 0.4576388888888889 0.4395833333333333 0.13472222222222222 0.06041666666666667
3 0.4409722222222222 0.6369791666666667 0.20416666666666666 0.190625
3 0.31875 0.8572916666666667 0.15416666666666667 0.165625
3 0.3423611111111111 0.6838541666666667 0.09722222222222222 0.06875
3 0.2326388888888889 0.5984375 0.12222222222222222 0.03229166666666667
3 0.21736111111111112 0.23489583333333333 0.08888888888888889 0.04479166666666667
3 0.3076388888888889 0.0625 0.28194444444444444 0.0625
3 0.15625 0.1890625 0.10277777777777777 0.03854166666666667
3 0.26666666666666666 0.184375 0.08888888888888889 0.027083333333333334
3 0.6097222222222223 0.5546875 0.10416666666666667 0.04583333333333333