4 0.1390625 0.24375 0.0796875 0.0625
4 0.21328125 0.39140625 0.3015625 0.353125
4 0.828125 0.15703125 0.0859375 0.05
4 0.76484375 0.22734375 0.04375 0.0484375
4 0.7828125 0.51953125 0.0671875 0.0484375
4 0.375 0.5828125 0.065625 0.0546875
4 0.43515625 0.703125 0.0515625 0.05625
4 0.55390625 0.7078125 0.0546875 0.0328125
4 0.4734375 0.853125 0.065625 0.171875
4 0.40625 0.96875 0.0578125 0.04375
4 0.40234375 0.8 0.025 0.0765625
4 0.3859375 0.71015625 0.0546875 0.0796875
4 0.8578125 0.896875 0.1546875 0.0984375
4 0.76015625 0.95859375 0.05 0.04375
4 0.67421875 0.97265625 0.0390625 0.028125
4 0.8328125 0.61328125 0.0625 0.0421875