4 0.76484375 0.15 0.1234375 0.05625
4 0.6078125 0.409375 0.1546875 0.0859375
4 0.44296875 0.3640625 0.071875 0.0203125
4 0.46171875 0.39140625 0.18125 0.0671875
4 0.4921875 0.45546875 0.0484375 0.040625
4 0.63359375 0.5328125 0.08125 0.0625
4 0.04765625 0.65234375 0.0953125 0.0609375
4 0.2125 0.48984375 0.0421875 0.0390625
4 0.23671875 0.43203125 0.0375 0.0234375
4 0.20859375 0.45390625 0.028125 0.0203125
4 0.32109375 0.47734375 0.0328125 0.0140625
4 0.1640625 0.525 0.053125 0.0234375
4 0.22890625 0.39609375 0.0578125 0.028125
4 0.1734375 0.43125 0.0421875 0.0234375