1 0.825 0.3765625 0.071875 0.090625
1 0.6734375 0.475 0.0484375 0.0671875
1 0.73203125 0.46796875 0.05625 0.071875
1 0.82421875 0.46640625 0.1234375 0.071875
1 0.90703125 0.409375 0.0421875 0.059375
1 0.665625 0.5203125 0.053125 0.06875
1 0.4828125 0.3078125 0.03125 0.059375
1 0.459375 0.28125 0.0203125 0.0515625
1 0.4796875 0.3765625 0.05 0.0765625
1 0.44140625 0.4203125 0.05625 0.09375
1 0.4125 0.4796875 0.084375 0.078125
1 0.32734375 0.50859375 0.0578125 0.0765625
1 0.62265625 0.5671875 0.05 0.0703125
1 0.44609375 0.5875 0.090625 0.1328125
1 0.53828125 0.55546875 0.09375 0.1046875
1 0.690625 0.58359375 0.084375 0.0421875
1 0.76328125 0.56953125 0.0734375 0.05
1 0.33984375 0.5921875 0.084375 0.096875
1 0.38515625 0.546875 0.04375 0.0625
1 0.2625 0.5296875 0.078125 0.1515625
1 0.18046875 0.50625 0.08125 0.1015625
1 0.0234375 0.4828125 0.046875 0.0859375
1 0.10234375 0.540625 0.1421875 0.1953125