4 0.60703125 0.2453125 0.065625 0.0546875
4 0.52265625 0.33359375 0.040625 0.0421875
4 0.50546875 0.2703125 0.0703125 0.046875
4 0.44453125 0.32421875 0.04375 0.0453125
4 0.6421875 0.171875 0.0953125 0.0390625
4 0.45859375 0.4125 0.1296875 0.11875
4 0.3796875 0.5140625 0.0984375 0.1609375
4 0.46171875 0.51171875 0.0921875 0.0890625
4 0.66796875 0.42578125 0.1171875 0.075
4 0.57265625 0.6171875 0.165625 0.1015625
4 0.65859375 0.53828125 0.1296875 0.1015625
4 0.94375 0.3390625 0.0640625 0.0453125
4 0.91171875 0.28828125 0.0875 0.0609375
4 0.92890625 0.24609375 0.0578125 0.0328125
4 0.9015625 0.19453125 0.1 0.0671875
4 0.9453125 0.13125 0.1078125 0.0484375
4 0.90546875 0.44375 0.0796875 0.071875
4 0.13828125 0.959375 0.1109375 0.08125
4 0.45 0.95 0.103125 0.0984375
4 0.2984375 0.08203125 0.0890625 0.040625