1 0.39765625 0.1375 0.2125 0.14375
1 0.38125 0.03046875 0.0671875 0.0609375
1 0.5171875 0.02578125 0.06875 0.0515625
1 0.58203125 0.240625 0.3234375 0.48125
1 0.45625 0.52421875 0.1140625 0.190625
1 0.4140625 0.453125 0.05625 0.059375
1 0.62109375 0.5484375 0.1359375 0.2171875
1 0.5234375 0.60859375 0.0609375 0.1015625
1 0.7109375 0.49140625 0.0625 0.0640625
1 0.72265625 0.5671875 0.0546875 0.053125
1 0.57109375 0.79921875 0.24375 0.1828125
1 0.59296875 0.7171875 0.065625 0.0609375
1 0.8046875 0.73046875 0.071875 0.06875
1 0.3640625 0.7890625 0.1015625 0.0515625
1 0.33984375 0.86171875 0.0515625 0.05
1 0.4078125 0.8671875 0.0578125 0.05
1 0.44609375 0.953125 0.1296875 0.059375
1 0.5953125 0.97890625 0.06875 0.0390625
1 0.7765625 0.95546875 0.065625 0.053125
1 0.8015625 0.29609375 0.078125 0.096875