0 0.03203125 0.459375 0.0640625 0.096875
0 0.0328125 0.58671875 0.065625 0.1171875
0 0.13203125 0.6140625 0.0734375 0.1296875
0 0.1359375 0.44453125 0.0640625 0.1203125
0 0.0640625 0.34375 0.0609375 0.09375
0 0.078125 0.24921875 0.0765625 0.1078125
0 0.08515625 0.05078125 0.065625 0.1015625
0 0.20390625 0.16796875 0.0640625 0.1203125
0 0.196875 0.3046875 0.0671875 0.1296875
0 0.12890625 0.75234375 0.078125 0.1234375
0 0.15390625 0.8515625 0.0546875 0.10625
0 0.28203125 0.96875 0.078125 0.0578125
0 0.2859375 0.684375 0.06875 0.1078125
0 0.29296875 0.52890625 0.06875 0.1203125
0 0.28359375 0.16640625 0.0734375 0.1171875
0 0.36640625 0.2296875 0.05625 0.1046875
0 0.3234375 0.39921875 0.0578125 0.1015625
0 0.39375 0.51328125 0.06875 0.1203125
0 0.3859375 0.40390625 0.059375 0.0984375
0 0.41015625 0.3109375 0.053125 0.1109375
0 0.40078125 0.15 0.0578125 0.1078125
0 0.40546875 0.7015625 0.06875 0.09375
0 0.4640625 0.7625 0.06875 0.1375
0 0.3421875 0.6171875 0.0609375 0.1296875
0 0.4890625 0.9640625 0.053125 0.065625
0 0.5140625 0.86953125 0.078125 0.1234375
0 0.5578125 0.9578125 0.0671875 0.078125
0 0.528125 0.6578125 0.0640625 0.1203125
0 0.4796875 0.540625 0.06875 0.1078125
0 0.44296875 0.43359375 0.0515625 0.1171875
0 0.4796875 0.271875 0.071875 0.1234375
0 0.546875 0.25546875 0.0578125 0.1015625
0 0.534375 0.125 0.065625 0.1046875
0 0.60390625 0.153125 0.0640625 0.1328125
0 0.67421875 0.05859375 0.0703125 0.1109375
0 0.68359375 0.21640625 0.0578125 0.1203125
0 0.75078125 0.17890625 0.0609375 0.1171875
0 0.6671875 0.31796875 0.059375 0.1015625
0 0.6375 0.3796875 0.05 0.06875
0 0.66640625 0.44765625 0.0546875 0.084375
0 0.60703125 0.5375 0.053125 0.1078125
0 0.7390625 0.41171875 0.0640625 0.1203125
0 0.7078125 0.496875 0.0421875 0.0984375
0 0.85234375 0.30625 0.0640625 0.1078125
0 0.88046875 0.08671875 0.0703125 0.1078125
0 0.86796875 0.41875 0.059375 0.0984375
0 0.94609375 0.4609375 0.075 0.1046875
0 0.8796875 0.5765625 0.071875 0.1265625
0 0.94453125 0.5796875 0.0578125 0.1265625
0 0.92421875 0.6828125 0.0671875 0.1109375
0 0.78515625 0.728125 0.08125 0.1109375
0 0.7 0.90546875 0.0609375 0.1171875
0 0.61953125 0.8046875 0.05625 0.1078125
0 0.76171875 0.93984375 0.06875 0.1140625
0 0.96484375 0.93125 0.0671875 0.1140625
0 0.87890625 0.83203125 0.0671875 0.1078125
0 0.74296875 0.82734375 0.059375 0.1109375
0 0.6671875 0.7265625 0.0703125 0.090625
0 0.2984375 0.28671875 0.0609375 0.0984375