1 0.86484375 0.9375 0.0359375 0.03125
1 0.83671875 0.96484375 0.0296875 0.021875
1 0.83515625 0.37734375 0.0515625 0.0296875
1 0.615625 0.3265625 0.0328125 0.0203125
1 0.5640625 0.3109375 0.0734375 0.0234375
1 0.64921875 0.325 0.025 0.0125
1 0.49609375 0.3265625 0.0375 0.0265625
1 0.4390625 0.31875 0.0640625 0.025
1 0.36171875 0.3015625 0.04375 0.0234375
1 0.29296875 0.321875 0.04375 0.03125
1 0.3140625 0.30078125 0.0265625 0.0109375
1 0.2234375 0.32734375 0.040625 0.0234375
1 0.178125 0.334375 0.0375 0.015625
1 0.48671875 0.46171875 0.0390625 0.0296875
1 0.31328125 0.57265625 0.034375 0.0296875
1 0.2890625 0.59375 0.034375 0.0265625
1 0.26640625 0.6171875 0.0296875 0.028125
1 0.275 0.68125 0.0296875 0.0234375
1 0.1984375 0.72578125 0.0265625 0.021875
1 0.1421875 0.74609375 0.059375 0.0359375
1 0.06875 0.69375 0.0328125 0.025
1 0.40859375 0.6796875 0.028125 0.0171875
1 0.45078125 0.659375 0.028125 0.025
1 0.54921875 0.54921875 0.0296875 0.025