0 0.73671875 0.2140625 0.1328125 0.10625
0 0.8890625 0.35703125 0.159375 0.0921875
0 0.725 0.41875 0.13125 0.0890625
0 0.90703125 0.49140625 0.1265625 0.1109375
0 0.60703125 0.5125 0.096875 0.1078125
0 0.5265625 0.32109375 0.1734375 0.078125
0 0.39921875 0.19921875 0.1 0.0765625
0 0.55859375 0.24609375 0.1828125 0.0953125
0 0.07109375 0.54140625 0.1109375 0.0921875
0 0.23515625 0.690625 0.19375 0.109375
0 0.35 0.87734375 0.1875 0.1109375
0 0.38515625 0.74921875 0.1453125 0.121875
0 0.59921875 0.66796875 0.134375 0.0953125
0 0.87265625 0.88671875 0.2015625 0.090625
0 0.065625 0.37421875 0.13125 0.0875