1 0.02421875 0.4625 0.0484375 0.0671875
1 0.0203125 0.6109375 0.040625 0.0609375
1 0.07578125 0.5828125 0.04375 0.084375
1 0.08203125 0.44375 0.0546875 0.08125
1 0.14765625 0.42265625 0.0796875 0.1015625
1 0.17109375 0.55859375 0.1203125 0.103125
1 0.24296875 0.41953125 0.0921875 0.184375
1 0.26328125 0.515625 0.065625 0.0671875
1 0.36875 0.3625 0.178125 0.321875
1 0.47109375 0.36328125 0.040625 0.1921875
1 0.58359375 0.3140625 0.18125 0.2234375
1 0.6875 0.36796875 0.0390625 0.1265625
1 0.884375 0.28984375 0.1109375 0.1640625
1 0.9546875 0.375 0.0890625 0.1625
1 0.98359375 0.2515625 0.0296875 0.0734375