4 0.5515625 0.140625 0.059375 0.165625
4 0.734375 0.0140625 0.0546875 0.028125
4 0.65703125 0.1453125 0.0421875 0.1015625
4 0.73828125 0.28671875 0.0421875 0.065625
4 0.79765625 0.28828125 0.0609375 0.0734375
4 0.92890625 0.240625 0.078125 0.115625
4 0.6125 0.29140625 0.178125 0.1828125
4 0.55390625 0.43515625 0.146875 0.14375
4 0.6578125 0.43984375 0.05625 0.0625
4 0.4125 0.43203125 0.03125 0.04375
4 0.32890625 0.56875 0.078125 0.14375
4 0.43671875 0.609375 0.1296875 0.178125
4 0.2546875 0.77421875 0.0921875 0.1375
4 0.17109375 0.88671875 0.0890625 0.1265625
4 0.01796875 0.7546875 0.0359375 0.115625
4 0.03984375 0.6796875 0.0234375 0.078125
4 0.4265625 0.9421875 0.0609375 0.05625
4 0.53359375 0.90546875 0.0640625 0.0984375
4 0.73828125 0.4 0.096875 0.0609375
4 0.7171875 0.63046875 0.034375 0.0296875